MountainRange2
4
32
300
(20.0, -0.2, -7.5)
(0.0, 0.0, 0.0)
0
(-20.0, 1.0, 7.5)
(0.0, 0.0, 0.0)
0
(20.0, 1.0, 7.5)
(0.0, 0.0, 0.0)
0
(-20.0, 1.0, -7.5)
(0.0, 0.0, 0.0)
0
(0.0, 3.9, 0.0)
0
0
300
(20.0, -0.2, -7.5)
(0.0, 0.0, 0.0)
0
(-20.0, 1.0, 7.5)
(0.0, 0.0, 0.0)
0
(20.0, 1.0, 7.5)
(0.0, 0.0, 0.0)
0
(-20.0, 1.0, -7.5)
(0.0, 0.0, 0.0)
0
(0.0, 3.9, 0.0)
0
0
300
(20.0, -0.2, -7.5)
(0.0, 0.0, 0.0)
0
(-20.0, 1.0, 7.5)
(0.0, 0.0, 0.0)
0
(20.0, 1.0, 7.5)
(0.0, 0.0, 0.0)
0
(-20.0, 1.0, -7.5)
(0.0, 0.0, 0.0)
0
(0.0, 3.9, 0.0)
0
0
300
(20.0, -0.2, -7.5)
(0.0, 0.0, 0.0)
0
(-20.0, 1.0, 7.5)
(0.0, 0.0, 0.0)
0
(20.0, 1.0, 7.5)
(0.0, 0.0, 0.0)
0
(-20.0, 1.0, -7.5)
(0.0, 0.0, 0.0)
0
(0.0, 3.9, 0.0)
0
0
300
(20.0, -0.2, -7.5)
(0.0, 0.0, 0.0)
0
(-20.0, 1.0, 7.5)
(0.0, 0.0, 0.0)
0
(20.0, 1.0, 7.5)
(0.0, 0.0, 0.0)
0
(-20.0, 1.0, -7.5)
(0.0, 0.0, 0.0)
0
(0.0, 3.9, 0.0)
0
0
300
(20.0, -0.2, -7.5)
(0.0, 0.0, 0.0)
0
(-20.0, 1.0, 7.5)
(0.0, 0.0, 0.0)
0
(20.0, 1.0, 7.5)
(0.0, 0.0, 0.0)
0
(-20.0, 1.0, -7.5)
(0.0, 0.0, 0.0)
0
(0.0, 3.9, 0.0)
0
0
300
(20.0, -0.2, -7.5)
(0.0, 0.0, 0.0)
0
(-20.0, 1.0, 7.5)
(0.0, 0.0, 0.0)
0
(20.0, 1.0, 7.5)
(0.0, 0.0, 0.0)
0
(-20.0, 1.0, -7.5)
(0.0, 0.0, 0.0)
0
(0.0, 3.9, 0.0)
0
0
300
(20.0, -0.2, -7.5)
(0.0, 0.0, 0.0)
0
(-20.0, 1.0, 7.5)
(0.0, 0.0, 0.0)
0
(20.0, 1.0, 7.5)
(0.0, 0.0, 0.0)
0
(-20.0, 1.0, -7.5)
(0.0, 0.0, 0.0)
0
(0.0, 3.9, 0.0)
0
0
300
(20.0, -0.2, -7.5)
(0.0, 0.0, 0.0)
0
(-20.0, 1.0, 7.5)
(0.0, 0.0, 0.0)
0
(20.0, 1.0, 7.5)
(0.0, 0.0, 0.0)
0
(-20.0, 1.0, -7.5)
(0.0, 0.0, 0.0)
0
(0.0, 3.9, 0.0)
0
0
300
(20.0, -0.2, -7.5)
(0.0, 0.0, 0.0)
0
(-20.0, 1.0, 7.5)
(0.0, 0.0, 0.0)
0
(20.0, 1.0, 7.5)
(0.0, 0.0, 0.0)
0
(-20.0, 1.0, -7.5)
(0.0, 0.0, 0.0)
0
(0.0, 3.9, 0.0)
0
0
300
(20.0, -0.2, -7.5)
(0.0, 0.0, 0.0)
0
(-20.0, 1.0, 7.5)
(0.0, 0.0, 0.0)
0
(20.0, 1.0, 7.5)
(0.0, 0.0, 0.0)
0
(-20.0, 1.0, -7.5)
(0.0, 0.0, 0.0)
0
(0.0, 3.9, 0.0)
0
0
300
(20.0, -0.2, -7.5)
(0.0, 0.0, 0.0)
0
(-20.0, 1.0, 7.5)
(0.0, 0.0, 0.0)
0
(20.0, 1.0, 7.5)
(0.0, 0.0, 0.0)
0
(-20.0, 1.0, -7.5)
(0.0, 0.0, 0.0)
0
(0.0, 3.9, 0.0)
0
0
300
(20.0, -0.2, -7.5)
(0.0, 0.0, 0.0)
0
(-20.0, 1.0, 7.5)
(0.0, 0.0, 0.0)
0
(20.0, 1.0, 7.5)
(0.0, 0.0, 0.0)
0
(-20.0, 1.0, -7.5)
(0.0, 0.0, 0.0)
0
(0.0, 3.9, 0.0)
0
0
300
(20.0, -0.2, -7.5)
(0.0, 0.0, 0.0)
0
(-20.0, 1.0, 7.5)
(0.0, 0.0, 0.0)
0
(20.0, 1.0, 7.5)
(0.0, 0.0, 0.0)
0
(-20.0, 1.0, -7.5)
(0.0, 0.0, 0.0)
0
(0.0, 3.9, 0.0)
0
0
300
(20.0, -0.2, -7.5)
(0.0, 0.0, 0.0)
0
(-20.0, 1.0, 7.5)
(0.0, 0.0, 0.0)
0
(20.0, 1.0, 7.5)
(0.0, 0.0, 0.0)
0
(-20.0, 1.0, -7.5)
(0.0, 0.0, 0.0)
0
(0.0, 3.9, 0.0)
0
0
300
(20.0, -0.2, -7.5)
(0.0, 0.0, 0.0)
0
(-20.0, 1.0, 7.5)
(0.0, 0.0, 0.0)
0
(20.0, 1.0, 7.5)
(0.0, 0.0, 0.0)
0
(-20.0, 1.0, -7.5)
(0.0, 0.0, 0.0)
0
(0.0, 3.9, 0.0)
0
0
300
(20.0, -0.2, -7.5)
(0.0, 0.0, 0.0)
0
(-20.0, 1.0, 7.5)
(0.0, 0.0, 0.0)
0
(20.0, 1.0, 7.5)
(0.0, 0.0, 0.0)
0
(-20.0, 1.0, -7.5)
(0.0, 0.0, 0.0)
0
(0.0, 3.9, 0.0)
0
0
300
(20.0, -0.2, -7.5)
(0.0, 0.0, 0.0)
0
(-20.0, 1.0, 7.5)
(0.0, 0.0, 0.0)
0
(20.0, 1.0, 7.5)
(0.0, 0.0, 0.0)
0
(-20.0, 1.0, -7.5)
(0.0, 0.0, 0.0)
0
(0.0, 3.9, 0.0)
0
0
300
(20.0, -0.2, -7.5)
(0.0, 0.0, 0.0)
0
(-20.0, 1.0, 7.5)
(0.0, 0.0, 0.0)
0
(20.0, 1.0, 7.5)
(0.0, 0.0, 0.0)
0
(-20.0, 1.0, -7.5)
(0.0, 0.0, 0.0)
0
(0.0, 3.9, 0.0)
0
0
300
(20.0, -0.2, -7.5)
(0.0, 0.0, 0.0)
0
(-20.0, 1.0, 7.5)
(0.0, 0.0, 0.0)
0
(20.0, 1.0, 7.5)
(0.0, 0.0, 0.0)
0
(-20.0, 1.0, -7.5)
(0.0, 0.0, 0.0)
0
(0.0, 3.9, 0.0)
0
0
300
(20.0, -0.2, -7.5)
(0.0, 0.0, 0.0)
0
(-20.0, 1.0, 7.5)
(0.0, 0.0, 0.0)
0
(20.0, 1.0, 7.5)
(0.0, 0.0, 0.0)
0
(-20.0, 1.0, -7.5)
(0.0, 0.0, 0.0)
0
(0.0, 3.9, 0.0)
0
0
300
(20.0, -0.2, -7.5)
(0.0, 0.0, 0.0)
0
(-20.0, 1.0, 7.5)
(0.0, 0.0, 0.0)
0
(20.0, 1.0, 7.5)
(0.0, 0.0, 0.0)
0
(-20.0, 1.0, -7.5)
(0.0, 0.0, 0.0)
0
(0.0, 3.9, 0.0)
0
0
300
(20.0, -0.2, -7.5)
(0.0, 0.0, 0.0)
0
(-20.0, 1.0, 7.5)
(0.0, 0.0, 0.0)
0
(20.0, 1.0, 7.5)
(0.0, 0.0, 0.0)
0
(-20.0, 1.0, -7.5)
(0.0, 0.0, 0.0)
0
(0.0, 3.9, 0.0)
0
0
300
(20.0, -0.2, -7.5)
(0.0, 0.0, 0.0)
0
(-20.0, 1.0, 7.5)
(0.0, 0.0, 0.0)
0
(20.0, 1.0, 7.5)
(0.0, 0.0, 0.0)
0
(-20.0, 1.0, -7.5)
(0.0, 0.0, 0.0)
0
(0.0, 3.9, 0.0)
0
0
300
(20.0, -0.2, -7.5)
(0.0, 0.0, 0.0)
0
(-20.0, 1.0, 7.5)
(0.0, 0.0, 0.0)
0
(20.0, 1.0, 7.5)
(0.0, 0.0, 0.0)
0
(-20.0, 1.0, -7.5)
(0.0, 0.0, 0.0)
0
(0.0, 3.9, 0.0)
0
0
300
(20.0, -0.2, -7.5)
(0.0, 0.0, 0.0)
0
(-20.0, 1.0, 7.5)
(0.0, 0.0, 0.0)
0
(20.0, 1.0, 7.5)
(0.0, 0.0, 0.0)
0
(-20.0, 1.0, -7.5)
(0.0, 0.0, 0.0)
0
(0.0, 3.9, 0.0)
0
0
300
(20.0, -0.2, -7.5)
(0.0, 0.0, 0.0)
0
(-20.0, 1.0, 7.5)
(0.0, 0.0, 0.0)
0
(20.0, 1.0, 7.5)
(0.0, 0.0, 0.0)
0
(-20.0, 1.0, -7.5)
(0.0, 0.0, 0.0)
0
(0.0, 3.9, 0.0)
0
0
300
(20.0, -0.2, -7.5)
(0.0, 0.0, 0.0)
0
(-20.0, 1.0, 7.5)
(0.0, 0.0, 0.0)
0
(20.0, 1.0, 7.5)
(0.0, 0.0, 0.0)
0
(-20.0, 1.0, -7.5)
(0.0, 0.0, 0.0)
0
(0.0, 3.9, 0.0)
0
0
300
(20.0, -0.2, -7.5)
(0.0, 0.0, 0.0)
0
(-20.0, 1.0, 7.5)
(0.0, 0.0, 0.0)
0
(20.0, 1.0, 7.5)
(0.0, 0.0, 0.0)
0
(-20.0, 1.0, -7.5)
(0.0, 0.0, 0.0)
0
(0.0, 3.9, 0.0)
0
0
300
(20.0, -0.2, -7.5)
(0.0, 0.0, 0.0)
0
(-20.0, 1.0, 7.5)
(0.0, 0.0, 0.0)
0
(20.0, 1.0, 7.5)
(0.0, 0.0, 0.0)
0
(-20.0, 1.0, -7.5)
(0.0, 0.0, 0.0)
0
(0.0, 3.9, 0.0)
0
0
300
(20.0, -0.2, -7.5)
(0.0, 0.0, 0.0)
0
(-20.0, 1.0, 7.5)
(0.0, 0.0, 0.0)
0
(20.0, 1.0, 7.5)
(0.0, 0.0, 0.0)
0
(-20.0, 1.0, -7.5)
(0.0, 0.0, 0.0)
0
(0.0, 3.9, 0.0)
0
0
300
(20.0, -0.2, -7.5)
(0.0, 0.0, 0.0)
0
(-20.0, 1.0, 7.5)
(0.0, 0.0, 0.0)
0
(20.0, 1.0, 7.5)
(0.0, 0.0, 0.0)
0
(-20.0, 1.0, -7.5)
(0.0, 0.0, 0.0)
0
(0.0, 3.9, 0.0)
0
0
300
(20.0, -0.2, -7.5)
(0.0, 0.0, 0.0)
0
(-20.0, 1.0, 7.5)
(0.0, 0.0, 0.0)
0
(20.0, 1.0, 7.5)
(0.0, 0.0, 0.0)
0
(-20.0, 1.0, -7.5)
(0.0, 0.0, 0.0)
0
(0.0, 3.9, 0.0)
0
0
300
(20.0, -0.2, -7.5)
(0.0, 0.0, 0.0)
0
(-20.0, 1.0, 7.5)
(0.0, 0.0, 0.0)
0
(20.0, 1.0, 7.5)
(0.0, 0.0, 0.0)
0
(-20.0, 1.0, -7.5)
(0.0, 0.0, 0.0)
0
(0.0, 3.9, 0.0)
0
0
300
(20.0, -0.2, -7.5)
(0.0, 0.0, 0.0)
0
(-20.0, 1.0, 7.5)
(0.0, 0.0, 0.0)
0
(20.0, 1.0, 7.5)
(0.0, 0.0, 0.0)
0
(-20.0, 1.0, -7.5)
(0.0, 0.0, 0.0)
0
(0.0, 3.9, 0.0)
0
0
300
(20.0, -0.2, -7.5)
(0.0, 0.0, 0.0)
0
(-20.0, 1.0, 7.5)
(0.0, 0.0, 0.0)
0
(20.0, 1.0, 7.5)
(0.0, 0.0, 0.0)
0
(-20.0, 1.0, -7.5)
(0.0, 0.0, 0.0)
0
(0.0, 3.9, 0.0)
0
0
300
(20.0, -0.2, -7.5)
(0.0, 0.0, 0.0)
0
(-20.0, 1.0, 7.5)
(0.0, 0.0, 0.0)
0
(20.0, 1.0, 7.5)
(0.0, 0.0, 0.0)
0
(-20.0, 1.0, -7.5)
(0.0, 0.0, 0.0)
0
(0.0, 3.9, 0.0)
0
0
300
(20.0, -0.2, -7.5)
(0.0, 0.0, 0.0)
0
(-20.0, 1.0, 7.5)
(0.0, 0.0, 0.0)
0
(20.0, 1.0, 7.5)
(0.0, 0.0, 0.0)
0
(-20.0, 1.0, -7.5)
(0.0, 0.0, 0.0)
0
(0.0, 3.9, 0.0)
0
0
300
(20.0, -0.2, -7.5)
(0.0, 0.0, 0.0)
0
(-20.0, 1.0, 7.5)
(0.0, 0.0, 0.0)
0
(20.0, 1.0, 7.5)
(0.0, 0.0, 0.0)
0
(-20.0, 1.0, -7.5)
(0.0, 0.0, 0.0)
0
(0.0, 3.9, 0.0)
0
0
300
(20.0, -0.2, -7.5)
(0.0, 0.0, 0.0)
0
(-20.0, 1.0, 7.5)
(0.0, 0.0, 0.0)
0
(20.0, 1.0, 7.5)
(0.0, 0.0, 0.0)
0
(-20.0, 1.0, -7.5)
(0.0, 0.0, 0.0)
0
(0.0, 3.9, 0.0)
0
0
300
(20.0, -0.2, -7.5)
(0.0, 0.0, 0.0)
0
(-19.9, 1.0, 7.5)
(352.3, 110.6, 0.0)
0
(19.9, 1.0, 7.5)
(352.3, 249.4, 0.0)
0
(-19.9, 1.0, -7.5)
(352.3, 69.5, 0.0)
0
(0.0, 3.9, 0.0)
0
0
300
(20.0, -0.2, -7.5)
(0.0, 0.0, 0.0)
0
(-19.8, 1.0, 7.4)
(352.3, 110.6, 0.0)
0
(19.8, 1.0, 7.4)
(352.3, 249.4, 0.0)
0
(-19.8, 1.0, -7.4)
(352.3, 69.5, 0.0)
0
(0.0, 3.9, 0.0)
0
0
300
(20.0, -0.2, -7.5)
(0.0, 0.0, 0.0)
0
(-19.8, 1.0, 7.4)
(352.3, 110.6, 0.0)
0
(19.8, 1.0, 7.4)
(352.3, 249.4, 0.0)
0
(-19.8, 1.0, -7.4)
(352.3, 69.5, 0.0)
0
(0.0, 3.9, 0.0)
0
0
300
(20.0, -0.2, -7.5)
(0.0, 0.0, 0.0)
0
(-19.7, 1.0, 7.4)
(352.2, 110.6, 0.0)
0
(19.7, 1.0, 7.4)
(352.2, 249.4, 0.0)
0
(-19.7, 1.0, -7.4)
(352.2, 69.5, 0.0)
0
(0.0, 3.9, 0.0)
0
0
300
(20.0, -0.2, -7.5)
(0.0, 0.0, 0.0)
0
(-19.6, 1.0, 7.4)
(352.2, 110.6, 0.0)
0
(19.6, 1.0, 7.4)
(352.2, 249.4, 0.0)
0
(-19.6, 1.0, -7.4)
(352.2, 69.5, 0.0)
0
(0.0, 3.9, 0.0)
0
0
300
(20.0, -0.2, -7.5)
(0.0, 0.0, 0.0)
0
(-19.5, 1.0, 7.3)
(352.2, 110.6, 0.0)
0
(19.5, 1.0, 7.3)
(352.2, 249.4, 0.0)
0
(-19.5, 1.0, -7.3)
(352.2, 69.5, 0.0)
0
(0.0, 3.9, 0.0)
0
0
300
(20.0, -0.2, -7.5)
(0.0, 0.0, 0.0)
0
(-19.5, 1.0, 7.3)
(352.1, 110.6, 0.0)
0
(19.5, 1.0, 7.3)
(352.1, 249.4, 0.0)
0
(-19.5, 1.0, -7.3)
(352.1, 69.5, 0.0)
0
(0.0, 3.9, 0.0)
0
0
300
(20.0, -0.2, -7.5)
(0.0, 0.0, 0.0)
0
(-19.4, 1.0, 7.3)
(352.1, 110.6, 0.0)
0
(19.4, 1.0, 7.3)
(352.1, 249.4, 0.0)
0
(-19.4, 1.0, -7.3)
(352.1, 69.5, 0.0)
0
(0.0, 3.9, 0.0)
0
0
300
(20.0, -0.2, -7.5)
(0.0, 0.0, 0.0)
0
(-19.3, 1.0, 7.2)
(352.0, 110.6, 0.0)
0
(19.3, 1.0, 7.2)
(352.0, 249.4, 0.0)
0
(-19.3, 1.0, -7.2)
(352.0, 69.5, 0.0)
0
(0.0, 3.9, 0.0)
0
0
300
(20.0, -0.2, -7.5)
(0.0, 0.0, 0.0)
0
(-19.2, 1.0, 7.2)
(352.0, 110.6, 0.0)
0
(19.2, 1.0, 7.2)
(352.0, 249.4, 0.0)
0
(-19.2, 1.0, -7.2)
(352.0, 69.5, 0.0)
0
(0.0, 3.9, 0.0)
0
0
300
(20.0, -0.2, -7.5)
(0.0, 0.0, 0.0)
0
(-19.2, 1.0, 7.2)
(352.0, 110.6, 0.0)
0
(19.2, 1.0, 7.2)
(352.0, 249.4, 0.0)
0
(-19.2, 1.0, -7.2)
(352.0, 69.5, 0.0)
0
(0.0, 3.9, 0.0)
0
0
300
(20.0, -0.2, -7.5)
(0.0, 0.0, 0.0)
0
(-19.1, 1.0, 7.2)
(352.0, 110.6, 0.0)
0
(19.1, 1.0, 7.2)
(352.0, 249.4, 0.0)
0
(-19.1, 1.0, -7.2)
(352.0, 69.5, 0.0)
0
(0.0, 3.9, 0.0)
0
0
300
(20.0, -0.2, -7.5)
(0.0, 0.0, 0.0)
0
(-19.0, 1.0, 7.1)
(351.9, 110.6, 0.0)
0
(19.0, 1.0, 7.1)
(351.9, 249.4, 0.0)
0
(-19.0, 1.0, -7.1)
(351.9, 69.5, 0.0)
0
(0.0, 3.9, 0.0)
0
0
300
(20.0, -0.2, -7.5)
(0.0, 0.0, 0.0)
0
(-18.9, 1.0, 7.1)
(351.9, 110.6, 0.0)
0
(18.9, 1.0, 7.1)
(351.9, 249.4, 0.0)
0
(-18.9, 1.0, -7.1)
(351.9, 69.5, 0.0)
0
(0.0, 3.9, 0.0)
0
0
300
(20.0, -0.2, -7.5)
(0.0, 0.0, 0.0)
0
(-18.8, 1.0, 7.1)
(351.9, 110.6, 0.0)
0
(18.8, 1.0, 7.1)
(351.9, 249.4, 0.0)
0
(-18.8, 1.0, -7.1)
(351.8, 69.5, 0.0)
0
(0.0, 3.9, 0.0)
0
0
300
(20.0, -0.2, -7.5)
(0.0, 0.0, 0.0)
0
(-18.8, 1.0, 7.0)
(351.8, 110.6, 0.0)
0
(18.8, 1.0, 7.0)
(351.8, 249.4, 0.0)
0
(-18.8, 1.0, -7.0)
(351.8, 69.5, 0.0)
0
(0.0, 3.9, 0.0)
0
0
300
(20.0, -0.2, -7.5)
(0.0, 0.0, 0.0)
0
(-18.7, 1.0, 7.0)
(351.8, 110.6, 0.0)
0
(18.7, 1.0, 7.0)
(351.8, 249.4, 0.0)
0
(-18.7, 1.0, -7.0)
(351.8, 69.5, 0.0)
0
(0.0, 3.9, 0.0)
0
0
300
(20.0, -0.2, -7.5)
(0.0, 0.0, 0.0)
0
(-18.6, 1.0, 7.0)
(351.8, 110.6, 0.0)
0
(18.6, 1.0, 7.0)
(351.8, 249.4, 0.0)
0
(-18.6, 1.0, -7.0)
(351.8, 69.5, 0.0)
0
(0.0, 3.9, 0.0)
0
0
300
(20.0, -0.2, -7.5)
(0.0, 0.0, 0.0)
0
(-18.5, 1.0, 7.0)
(351.7, 110.6, 0.0)
0
(18.5, 1.0, 7.0)
(351.7, 249.4, 0.0)
0
(-18.5, 1.0, -7.0)
(351.7, 69.5, 0.0)
0
(0.0, 3.9, 0.0)
0
0
300
(20.0, -0.2, -7.5)
(0.0, 0.0, 0.0)
0
(-18.5, 1.0, 6.9)
(351.7, 110.6, 0.0)
0
(18.5, 1.0, 6.9)
(351.7, 249.4, 0.0)
0
(-18.5, 1.0, -6.9)
(351.7, 69.5, 0.0)
0
(0.0, 3.9, 0.0)
0
0
300
(20.0, -0.2, -7.5)
(0.0, 0.0, 0.0)
0
(-18.4, 1.0, 6.9)
(351.7, 110.6, 0.0)
3
(18.4, 1.0, 6.9)
(351.7, 249.4, 0.0)
0
(-18.4, 1.0, -6.9)
(351.6, 69.5, 0.0)
3
(0.0, 3.9, 0.0)
0
0
300
(20.0, -0.2, -7.5)
(0.0, 0.0, 0.0)
0
(-18.3, 1.0, 6.9)
(351.7, 110.6, 0.0)
3
(18.3, 1.0, 6.9)
(351.7, 249.4, 0.0)
0
(-18.3, 1.0, -6.9)
(351.6, 69.5, 0.0)
3
(1.1, 4.1, 0.0)
0
0
300
(20.0, -0.2, -7.5)
(0.0, 0.0, 0.0)
0
(-18.2, 1.0, 6.8)
(351.6, 109.5, 0.0)
3
(18.2, 1.0, 6.8)
(350.6, 248.2, 0.0)
0
(-18.2, 1.0, -6.8)
(351.6, 70.6, 0.0)
3
(2.2, 4.2, 0.0)
0
0
300
(20.0, -0.2, -7.5)
(0.0, 0.0, 0.0)
0
(-18.2, 1.0, 6.8)
(351.5, 108.5, 0.0)
3
(18.2, 1.0, 6.8)
(349.5, 246.8, 0.0)
0
(-18.2, 1.0, -6.8)
(351.5, 71.6, 0.0)
3
(3.3, 4.4, 0.0)
0
0
300
(20.0, -0.2, -7.5)
(0.0, 0.0, 0.0)
0
(-18.1, 1.0, 6.8)
(351.4, 107.6, 0.0)
3
(18.1, 1.0, 6.8)
(348.2, 245.3, 0.0)
0
(-18.1, 1.0, -6.8)
(351.4, 72.5, 0.0)
3
(4.4, 4.6, 0.0)
0
0
300
(20.0, -0.2, -7.5)
(0.0, 0.0, 0.0)
0
(-18.0, 1.0, 6.8)
(351.4, 106.8, 0.0)
3
(18.0, 1.0, 6.7)
(346.9, 243.5, 0.0)
0
(-18.0, 1.0, -6.8)
(351.4, 73.3, 0.0)
3
(5.6, 4.7, 0.0)
0
0
300
(20.0, -0.2, -7.5)
(0.0, 0.0, 0.0)
0
(-17.9, 1.0, 6.7)
(351.4, 106.1, 0.0)
3
(17.9, 1.0, 6.7)
(345.3, 241.5, 0.0)
0
(-17.9, 1.0, -6.7)
(351.4, 74.0, 0.0)
3
(5.6, 4.7, 0.0)
0
0
300
(20.0, -0.2, -7.5)
(0.0, 0.0, 0.0)
0
(-17.8, 1.0, 6.7)
(351.4, 106.1, 0.0)
3
(17.9, 1.0, 6.7)
(345.3, 241.5, 0.0)
0
(-17.8, 1.0, -6.7)
(351.4, 74.0, 0.0)
3
(6.7, 4.9, 0.0)
0
0
300
(20.0, -0.2, -7.5)
(0.0, 0.0, 0.0)
0
(-17.8, 1.0, 6.7)
(351.4, 105.4, 0.0)
3
(17.8, 1.0, 6.6)
(343.6, 239.2, 0.0)
0
(-17.8, 1.0, -6.7)
(351.4, 74.7, 0.0)
3
(7.8, 5.0, 0.0)
0
0
300
(20.0, -0.2, -7.5)
(0.0, 0.0, 0.0)
0
(-17.7, 1.0, 6.7)
(351.4, 104.7, 0.0)
3
(17.7, 1.0, 6.6)
(341.6, 236.5, 0.0)
0
(-17.7, 1.0, -6.7)
(351.4, 75.4, 0.0)
3
(8.9, 5.1, 0.0)
0
0
300
(20.0, -0.2, -7.5)
(0.0, 0.0, 0.0)
0
(-17.6, 1.0, 6.7)
(351.4, 104.2, 0.0)
3
(17.7, 1.0, 6.5)
(339.4, 233.3, 0.0)
0
(-17.6, 1.0, -6.7)
(351.4, 76.0, 0.0)
3
(10.0, 5.3, 0.0)
0
0
300
(20.0, -0.2, -7.5)
(0.0, 0.0, 0.0)
0
(-17.5, 1.0, 6.6)
(351.4, 103.6, 0.0)
3
(17.6, 1.0, 6.5)
(337.0, 229.5, 0.0)
0
(-17.5, 1.0, -6.6)
(351.4, 76.5, 0.0)
3
(11.1, 5.4, 0.0)
0
0
300
(20.0, -0.2, -7.5)
(0.0, 0.0, 0.0)
0
(-17.4, 1.0, 6.6)
(351.4, 103.1, 0.0)
3
(17.6, 1.0, 6.4)
(334.3, 225.0, 0.0)
0
(-17.4, 1.0, -6.6)
(351.4, 77.0, 0.0)
3
(11.1, 5.4, 0.0)
0
0
300
(20.0, -0.2, -7.5)
(0.0, 0.0, 0.0)
0
(-17.4, 1.0, 6.6)
(351.4, 103.1, 0.0)
3
(17.5, 1.0, 6.4)
(334.3, 225.0, 0.0)
0
(-17.4, 1.0, -6.6)
(351.4, 77.0, 0.0)
3
(12.2, 5.6, 0.0)
0
0
300
(20.0, -0.2, -7.5)
(0.0, 0.0, 0.0)
0
(-17.3, 1.0, 6.6)
(351.5, 102.6, 0.0)
3
(17.5, 1.0, 6.3)
(331.4, 219.5, 0.0)
0
(-17.3, 1.0, -6.6)
(351.5, 77.5, 0.0)
3
(13.3, 5.7, 0.0)
0
0
300
(20.0, -0.2, -7.5)
(0.0, 0.0, 0.0)
0
(-17.2, 1.0, 6.6)
(351.5, 102.2, 0.0)
3
(17.4, 1.0, 6.3)
(328.4, 213.0, 0.0)
0
(-17.2, 1.0, -6.6)
(351.5, 77.9, 0.0)
3
(14.5, 5.8, 0.0)
0
0
300
(20.0, -0.2, -7.5)
(0.0, 0.0, 0.0)
0
(-17.1, 1.0, 6.5)
(351.6, 101.8, 0.0)
3
(17.4, 1.0, 6.2)
(325.5, 205.3, 0.0)
0
(-17.1, 1.0, -6.5)
(351.5, 78.3, 0.0)
3
(15.6, 5.9, 0.0)
0
0
300
(20.0, -0.2, -7.5)
(0.0, 0.0, 0.0)
0
(-17.0, 1.0, 6.5)
(351.6, 101.4, 0.0)
3
(17.4, 1.0, 6.1)
(322.9, 196.4, 0.0)
0
(-17.0, 1.0, -6.5)
(351.6, 78.7, 0.0)
3
(16.7, 6.0, 0.0)
0
0
300
(20.0, -0.2, -7.5)
(0.0, 0.0, 0.0)
0
(-16.9, 1.0, 6.5)
(351.7, 101.0, 0.0)
3
(17.4, 1.0, 6.0)
(320.9, 186.5, 0.0)
0
(-16.9, 1.0, -6.5)
(351.6, 79.1, 0.0)
3
(17.8, 6.1, 0.0)
0
0
300
(20.0, -0.2, -7.5)
(0.0, 0.0, 0.0)
0
(-16.9, 1.0, 6.5)
(351.7, 100.7, 0.0)
3
(17.4, 1.1, 6.0)
(319.9, 176.0, 0.0)
0
(-16.9, 1.0, -6.5)
(351.7, 79.4, 0.0)
3
(17.8, 6.1, 0.0)
0
0
300
(20.0, -0.2, -7.5)
(0.0, 0.0, 0.0)
0
(-16.8, 1.0, 6.5)
(351.7, 100.7, 0.0)
3
(17.4, 1.0, 5.9)
(319.9, 176.0, 0.0)
0
(-16.8, 1.0, -6.5)
(351.7, 79.4, 0.0)
3
(17.8, 6.5, 0.2)
0
0
300
(20.0, -0.2, -7.5)
(0.0, 0.0, 0.0)
0
(-16.7, 1.0, 6.5)
(351.1, 100.2, 0.0)
3
(17.4, 1.0, 5.9)
(316.1, 175.6, 0.0)
0
(-16.7, 1.0, -6.5)
(351.1, 79.0, 0.0)
3
(17.8, 6.9, 0.5)
0
0
300
(20.0, -0.2, -7.5)
(0.0, 0.0, 0.0)
0
(-16.6, 1.0, 6.5)
(350.4, 99.8, 0.0)
3
(17.4, 1.0, 5.8)
(312.3, 175.0, 0.0)
0
(-16.6, 1.0, -6.5)
(350.4, 78.6, 0.0)
3
(17.9, 7.3, 0.8)
0
0
300
(20.0, -0.2, -7.5)
(0.0, 0.0, 0.0)
0
(-16.5, 1.0, 6.4)
(349.8, 99.3, 0.0)
3
(17.4, 1.0, 5.8)
(308.7, 174.5, 0.0)
0
(-16.5, 1.0, -6.4)
(349.8, 78.1, 0.0)
3
(17.9, 7.7, 1.1)
0
0
300
(20.0, -0.2, -7.5)
(0.0, 0.0, 0.0)
0
(-16.5, 1.0, 6.4)
(349.1, 98.9, 0.0)
3
(17.4, 1.0, 5.7)
(305.2, 173.8, 0.0)
0
(-16.5, 1.0, -6.4)
(349.2, 77.7, 0.0)
3
(17.9, 8.1, 1.3)
0
0
300
(20.0, -0.2, -7.5)
(0.0, 0.0, 0.0)
0
(-16.4, 1.0, 6.4)
(348.5, 98.4, 0.0)
3
(17.4, 1.0, 5.7)
(301.9, 173.1, 0.0)
0
(-16.4, 1.0, -6.4)
(348.6, 77.3, 0.0)
3
(18.0, 8.4, 1.6)
0
0
300
(20.0, -0.2, -7.5)
(0.0, 0.0, 0.0)
0
(-16.3, 1.0, 6.4)
(347.9, 98.0, 0.0)
3
(17.4, 1.1, 5.6)
(298.8, 172.2, 0.0)
0
(-16.3, 1.0, -6.4)
(348.1, 76.9, 0.0)
3
(18.0, 8.4, 1.6)
0
0
300
(20.0, -0.2, -7.5)
(0.0, 0.0, 0.0)
0
(-16.2, 1.0, 6.4)
(347.9, 98.0, 0.0)
3
(17.4, 1.0, 5.6)
(298.8, 172.2, 0.0)
0
(-16.2, 1.0, -6.4)
(348.1, 76.9, 0.0)
3
(18.0, 8.8, 1.9)
0
0
300
(20.0, -0.2, -7.5)
(0.0, 0.0, 0.0)
0
(-16.1, 1.0, 6.4)
(347.2, 97.5, 0.0)
3
(17.4, 1.0, 5.5)
(295.7, 171.2, 0.0)
0
(-16.1, 1.0, -6.3)
(347.5, 76.4, 0.0)
3
(18.0, 9.2, 2.2)
0
0
300
(20.0, -0.2, -7.5)
(0.0, 0.0, 0.0)
0
(-16.0, 1.0, 6.4)
(346.6, 97.1, 0.0)
3
(17.4, 1.0, 5.5)
(292.9, 170.1, 0.0)
0
(-16.1, 1.0, -6.3)
(346.9, 76.0, 0.0)
3
(18.0, 9.5, 2.4)
0
0
300
(20.0, -0.2, -7.5)
(0.0, 0.0, 0.0)
0
(-16.0, 1.0, 6.4)
(346.0, 96.6, 0.0)
3
(17.4, 1.0, 5.5)
(290.2, 168.7, 0.0)
0
(-16.0, 1.0, -6.3)
(346.3, 75.6, 0.0)
3
(18.1, 9.9, 2.7)
0
0
300
(20.0, -0.2, -7.5)
(0.0, 0.0, 0.0)
0
(-15.9, 1.0, 6.4)
(345.4, 96.1, 0.0)
3
(17.4, 1.0, 5.5)
(287.8, 167.1, 0.0)
0
(-15.9, 1.0, -6.3)
(345.8, 75.2, 0.0)
3
(18.1, 10.3, 3.0)
0
0
300
(20.0, -0.2, -7.5)
(0.0, 0.0, 0.0)
0
(-15.8, 1.0, 6.3)
(344.8, 95.7, 0.0)
3
(17.4, 1.0, 5.4)
(285.5, 165.1, 0.0)
0
(-15.8, 1.0, -6.3)
(345.3, 74.8, 0.0)
3
(18.1, 10.3, 3.0)
0
0
300
(20.0, -0.2, -7.5)
(0.0, 0.0, 0.0)
0
(-15.7, 1.0, 6.3)
(344.8, 95.7, 0.0)
3
(17.4, 1.0, 5.4)
(285.5, 165.1, 0.0)
0
(-15.7, 1.0, -6.2)
(345.3, 74.8, 0.0)
3
(18.1, 10.6, 3.2)
0
0
300
(20.0, -0.2, -7.5)
(0.0, 0.0, 0.0)
0
(-15.6, 1.0, 6.3)
(344.3, 95.2, 0.0)
3
(17.4, 1.0, 5.4)
(283.3, 162.7, 0.0)
0
(-15.7, 1.0, -6.2)
(344.8, 74.3, 0.0)
3
(18.1, 10.9, 3.5)
0
0
300
(20.0, -0.2, -7.5)
(0.0, 0.0, 0.0)
0
(-15.6, 1.0, 6.3)
(343.7, 94.7, 0.0)
3
(17.5, 0.9, 5.4)
(281.4, 159.6, 0.0)
0
(-15.6, 1.0, -6.2)
(344.2, 73.9, 0.0)
3
(18.2, 11.3, 3.8)
0
0
300
(20.0, -0.2, -7.5)
(0.0, 0.0, 0.0)
0
(-15.5, 1.0, 6.3)
(343.1, 94.3, 0.0)
3
(17.5, 0.9, 5.4)
(279.6, 155.6, 0.0)
0
(-15.5, 1.0, -6.2)
(343.7, 73.5, 0.0)
3
(18.2, 11.6, 4.1)
0
0
300
(20.0, -0.2, -7.5)
(0.0, 0.0, 0.0)
0
(-15.4, 1.0, 6.3)
(342.5, 93.8, 0.0)
3
(17.5, 0.9, 5.4)
(277.9, 150.3, 0.0)
0
(-15.4, 1.0, -6.2)
(343.2, 73.1, 0.0)
3
(18.2, 12.0, 4.3)
0
0
299
(20.0, -0.2, -7.5)
(0.0, 0.0, 0.0)
0
(-15.3, 1.0, 6.3)
(342.0, 93.3, 0.0)
3
(17.5, 0.9, 5.4)
(276.5, 143.1, 0.0)
0
(-15.4, 1.0, -6.1)
(342.7, 72.7, 0.0)
3
(18.2, 12.0, 4.3)
0
0
299
(20.0, -0.2, -7.5)
(0.0, 0.0, 0.0)
0
(-15.2, 1.0, 6.3)
(342.0, 93.3, 0.0)
3
(17.5, 0.9, 5.3)
(276.5, 143.1, 0.0)
0
(-15.3, 1.0, -6.1)
(342.7, 72.7, 0.0)
3
(18.3, 12.3, 4.6)
0
0
299
(20.0, -0.2, -7.5)
(0.0, 0.0, 0.0)
0
(-15.2, 1.0, 6.3)
(341.4, 92.9, 0.0)
3
(17.5, 0.9, 5.3)
(275.4, 133.0, 0.0)
0
(-15.2, 1.0, -6.1)
(342.2, 72.3, 0.0)
3
(18.3, 12.6, 4.9)
0
0
299
(20.0, -0.2, -7.5)
(0.0, 0.0, 0.0)
0
(-15.1, 0.9, 6.3)
(340.8, 92.4, 0.0)
3
(17.5, 0.8, 5.3)
(274.5, 119.2, 0.0)
0
(-15.1, 0.9, -6.1)
(341.7, 71.9, 0.0)
3
(18.3, 12.9, 5.2)
0
0
299
(20.0, -0.2, -7.5)
(0.0, 0.0, 0.0)
0
(-15.0, 1.0, 6.3)
(340.3, 91.9, 0.0)
3
(17.5, 0.7, 5.3)
(274.0, 101.8, 0.0)
0
(-15.1, 1.0, -6.0)
(341.2, 71.5, 0.0)
3
(18.3, 13.3, 5.4)
0
0
299
(20.0, -0.2, -7.5)
(0.0, 0.0, 0.0)
0
(-14.9, 1.0, 6.3)
(339.8, 91.5, 0.0)
3
(17.5, 0.7, 5.3)
(273.9, 83.0, 0.0)
0
(-15.0, 1.0, -6.0)
(340.8, 71.0, 0.0)
3
(18.4, 13.6, 5.7)
0
0
299
(20.0, -0.2, -7.5)
(0.0, 0.0, 0.0)
0
(-14.9, 1.0, 6.3)
(339.3, 91.0, 0.0)
3
(17.5, 0.8, 5.3)
(274.2, 66.6, 0.0)
0
(-14.9, 1.0, -6.0)
(340.4, 70.6, 0.0)
3
(18.4, 13.6, 5.7)
0
0
299
(20.0, -0.2, -7.5)
(0.0, 0.0, 0.0)
0
(-14.8, 1.0, 6.3)
(339.3, 91.0, 0.0)
3
(17.5, 0.7, 5.3)
(274.2, 66.6, 0.0)
0
(-14.8, 1.0, -6.0)
(340.4, 70.6, 0.0)
3
(18.4, 13.9, 6.0)
0
0
299
(20.0, -0.2, -7.5)
(0.0, 0.0, 0.0)
0
(-14.7, 1.1, 6.3)
(338.8, 90.5, 0.0)
3
(17.5, 0.6, 5.3)
(274.7, 53.9, 0.0)
0
(-14.8, 1.1, -5.9)
(340.0, 70.2, 0.0)
3
(18.4, 14.2, 6.3)
0
0
299
(20.0, -0.2, -7.5)
(0.0, 0.0, 0.0)
0
(-14.6, 1.1, 6.3)
(338.4, 90.0, 0.0)
3
(17.5, 0.6, 5.3)
(275.4, 44.7, 0.0)
0
(-14.7, 1.1, -5.9)
(339.6, 69.8, 0.0)
3
(18.5, 14.5, 6.5)
0
0
299
(20.0, -0.2, -7.5)
(0.0, 0.0, 0.0)
0
(-14.6, 1.1, 6.3)
(337.9, 89.6, 0.0)
3
(17.5, 0.5, 5.4)
(276.2, 38.1, 0.0)
0
(-14.6, 1.1, -5.9)
(339.2, 69.4, 0.0)
3
(18.5, 14.8, 6.8)
0
0
299
(20.0, -0.2, -7.5)
(0.0, 0.0, 0.0)
0
(-14.5, 1.1, 6.3)
(337.5, 89.1, 0.0)
3
(17.5, 0.6, 5.4)
(276.9, 33.3, 0.0)
0
(-14.5, 1.1, -5.8)
(338.9, 69.0, 0.0)
3
(18.5, 14.8, 6.8)
0
0
299
(20.0, -0.2, -7.5)
(0.0, 0.0, 0.0)
0
(-14.4, 1.1, 6.3)
(337.5, 89.1, 0.0)
3
(17.5, 0.5, 5.4)
(276.9, 33.3, 0.0)
0
(-14.5, 1.1, -5.8)
(338.9, 69.0, 0.0)
3
(18.5, 15.1, 7.1)
0
0
299
(20.0, -0.2, -7.5)
(0.0, 0.0, 0.0)
0
(-14.3, 1.1, 6.3)
(337.0, 88.6, 0.0)
3
(17.5, 0.6, 5.4)
(277.7, 29.6, 0.0)
0
(-14.4, 1.1, -5.8)
(338.5, 68.6, 0.0)
3
(18.5, 15.4, 7.4)
0
0
299
(20.0, -0.2, -7.5)
(0.0, 0.0, 0.0)
0
(-14.2, 1.1, 6.3)
(336.6, 88.1, 0.0)
3
(17.6, 0.6, 5.4)
(278.5, 26.7, 0.0)
0
(-14.3, 1.1, -5.8)
(338.1, 68.2, 0.0)
3
(18.6, 15.7, 7.6)
0
0
299
(20.0, -0.2, -7.5)
(0.0, 0.0, 0.0)
0
(-14.2, 1.1, 6.3)
(336.1, 87.7, 0.0)
3
(17.6, 0.7, 5.4)
(279.3, 24.4, 0.0)
0
(-14.3, 1.1, -5.7)
(337.7, 67.9, 0.0)
3
(18.6, 15.9, 7.9)
0
0
299
(20.0, -0.2, -7.5)
(0.0, 0.0, 0.0)
0
(-14.1, 1.1, 6.3)
(335.7, 87.2, 0.0)
3
(17.6, 0.8, 5.4)
(280.1, 22.5, 0.0)
0
(-14.2, 1.1, -5.7)
(337.4, 67.5, 0.0)
3
(18.6, 16.2, 8.2)
0
0
299
(20.0, -0.2, -7.5)
(0.0, 0.0, 0.0)
0
(-14.0, 1.1, 6.3)
(335.2, 86.7, 0.0)
3
(17.6, 0.9, 5.4)
(280.8, 21.0, 0.0)
0
(-14.1, 1.1, -5.7)
(337.0, 67.1, 0.0)
3
(18.6, 16.2, 8.2)
0
0
299
(20.0, -0.2, -7.5)
(0.0, 0.0, 0.0)
0
(-13.9, 1.1, 6.3)
(335.2, 86.7, 0.0)
3
(17.6, 0.9, 5.4)
(280.8, 21.0, 0.0)
0
(-14.0, 1.1, -5.6)
(337.0, 67.1, 0.0)
3
(18.6, 16.5, 8.4)
0
0
299
(20.0, -0.2, -7.5)
(0.0, 0.0, 0.0)
0
(-13.9, 1.1, 6.3)
(334.8, 86.2, 0.0)
3
(17.6, 1.0, 5.5)
(281.6, 19.7, 0.0)
0
(-14.0, 1.1, -5.6)
(336.6, 66.7, 0.0)
3
(18.7, 16.8, 8.7)
0
0
299
(20.0, -0.2, -7.5)
(0.0, 0.0, 0.0)
0
(-13.8, 1.1, 6.3)
(334.4, 85.8, 0.0)
3
(17.6, 1.1, 5.5)
(282.3, 18.6, 0.0)
0
(-13.9, 1.1, -5.6)
(336.3, 66.3, 0.0)
3
(18.7, 17.0, 9.0)
0
0
299
(20.0, -0.2, -7.5)
(0.0, 0.0, 0.0)
0
(-13.7, 1.1, 6.3)
(334.0, 85.3, 0.0)
3
(17.6, 1.1, 5.5)
(283.0, 17.6, 0.0)
0
(-13.8, 1.1, -5.6)
(335.9, 65.9, 0.0)
3
(18.7, 17.3, 9.3)
0
0
299
(20.0, -0.2, -7.5)
(0.0, 0.0, 0.0)
0
(-13.6, 1.1, 6.3)
(333.5, 84.8, 0.0)
3
(17.6, 1.2, 5.5)
(283.7, 16.8, 0.0)
0
(-13.8, 1.0, -5.5)
(335.6, 65.5, 0.0)
3
(18.8, 17.6, 9.5)
0
0
299
(20.0, -0.2, -7.5)
(0.0, 0.0, 0.0)
0
(-13.6, 1.1, 6.3)
(333.1, 84.3, 0.0)
3
(17.6, 1.2, 5.5)
(284.3, 16.1, 0.0)
0
(-13.7, 1.1, -5.5)
(335.3, 65.1, 0.0)
3
(18.8, 17.6, 9.5)
0
0
299
(20.0, -0.2, -7.5)
(0.0, 0.0, 0.0)
0
(-13.5, 1.1, 6.3)
(333.1, 84.3, 0.0)
3
(17.6, 1.3, 5.6)
(284.3, 16.1, 0.0)
0
(-13.6, 1.1, -5.5)
(335.3, 65.1, 0.0)
3
(18.8, 17.8, 9.8)
0
0
299
(20.0, -0.2, -7.5)
(0.0, 0.0, 0.0)
0
(-13.4, 1.0, 6.4)
(332.7, 83.9, 0.0)
3
(17.6, 1.3, 5.6)
(285.0, 15.5, 0.0)
0
(-13.6, 1.0, -5.4)
(334.9, 64.8, 0.0)
3
(18.8, 18.1, 10.1)
0
0
299
(20.0, -0.2, -7.5)
(0.0, 0.0, 0.0)
0
(-13.4, 1.0, 6.4)
(332.3, 83.4, 0.0)
3
(17.6, 1.4, 5.6)
(285.6, 14.9, 0.0)
0
(-13.5, 1.0, -5.4)
(334.6, 64.4, 0.0)
3
(18.8, 17.9, 10.1)
0
0
299
(20.0, -0.2, -7.5)
(0.0, 0.0, 0.0)
0
(-13.3, 1.0, 6.4)
(332.4, 83.3, 0.0)
3
(17.6, 1.4, 5.6)
(285.8, 14.3, 0.0)
0
(-13.4, 0.9, -5.4)
(334.7, 64.3, 0.0)
3
(18.7, 17.8, 10.2)
0
0
299
(20.0, -0.2, -7.5)
(0.0, 0.0, 0.0)
0
(-13.2, 0.9, 6.4)
(332.4, 83.2, 0.0)
3
(17.6, 1.4, 5.6)
(286.0, 13.7, 0.0)
0
(-13.4, 0.9, -5.3)
(334.7, 64.2, 0.0)
3
(18.7, 17.7, 10.3)
0
0
299
(20.0, -0.2, -7.5)
(0.0, 0.0, 0.0)
0
(-13.1, 1.0, 6.4)
(332.5, 83.1, 0.0)
3
(17.6, 1.5, 5.7)
(286.3, 13.0, 0.0)
0
(-13.3, 0.9, -5.3)
(334.8, 64.1, 0.0)
3
(18.7, 17.7, 10.3)
0
0
299
(20.0, -0.2, -7.5)
(0.0, 0.0, 0.0)
0
(-13.1, 0.9, 6.4)
(332.5, 83.1, 0.0)
3
(17.6, 1.5, 5.7)
(286.3, 13.0, 0.0)
0
(-13.2, 0.9, -5.3)
(334.8, 64.1, 0.0)
3
(18.7, 17.5, 10.3)
0
0
299
(20.0, -0.2, -7.5)
(0.0, 0.0, 0.0)
0
(-13.0, 0.9, 6.4)
(332.5, 83.0, 0.0)
3
(17.6, 1.5, 5.7)
(286.5, 12.4, 0.0)
0
(-13.2, 0.9, -5.2)
(334.9, 64.0, 0.0)
3
(18.6, 17.4, 10.4)
0
0
299
(20.0, -0.2, -7.5)
(0.0, 0.0, 0.0)
0
(-12.9, 1.0, 6.4)
(332.7, 82.8, 0.0)
3
(17.6, 1.6, 5.7)
(286.7, 11.9, 0.0)
0
(-13.1, 1.0, -5.2)
(335.1, 63.9, 0.0)
3
(18.6, 17.3, 10.4)
0
0
299
(20.0, -0.2, -7.5)
(0.0, 0.0, 0.0)
0
(-12.8, 1.0, 6.4)
(332.8, 82.7, 0.0)
3
(17.7, 1.6, 5.8)
(287.0, 11.3, 0.0)
0
(-13.0, 1.0, -5.2)
(335.2, 63.7, 0.0)
3
(18.5, 17.1, 10.5)
0
0
299
(20.0, -0.2, -7.5)
(0.0, 0.0, 0.0)
0
(-12.8, 1.0, 6.4)
(333.0, 82.6, 0.0)
3
(17.7, 1.6, 5.8)
(287.2, 10.7, 0.0)
0
(-13.0, 1.0, -5.1)
(335.4, 63.6, 0.0)
3
(18.5, 17.0, 10.5)
0
0
299
(20.0, -0.2, -7.5)
(0.0, 0.0, 0.0)
0
(-12.7, 1.0, 6.4)
(333.2, 82.5, 0.0)
3
(17.7, 1.7, 5.8)
(287.5, 10.1, 0.0)
0
(-12.9, 1.1, -5.1)
(335.6, 63.5, 0.0)
3
(18.5, 17.0, 10.5)
0
0
299
(20.0, -0.2, -7.5)
(0.0, 0.0, 0.0)
0
(-12.6, 1.0, 6.5)
(333.2, 82.5, 0.0)
3
(17.7, 1.7, 5.8)
(287.5, 10.1, 0.0)
0
(-12.8, 1.1, -5.1)
(335.6, 63.5, 0.0)
3
(18.5, 16.8, 10.6)
0
0
299
(20.0, -0.2, -7.5)
(0.0, 0.0, 0.0)
0
(-12.5, 1.0, 6.5)
(333.3, 82.4, 0.0)
3
(17.7, 1.7, 5.9)
(287.7, 9.6, 0.0)
0
(-12.8, 1.1, -5.0)
(335.8, 63.4, 0.0)
3
(18.4, 16.7, 10.7)
0
0
299
(20.0, -0.2, -7.5)
(0.0, 0.0, 0.0)
0
(-12.5, 1.0, 6.5)
(333.5, 82.3, 0.0)
3
(17.7, 1.7, 5.9)
(288.0, 9.0, 0.0)
0
(-12.7, 1.1, -5.0)
(336.0, 63.3, 0.0)
3
(18.4, 16.5, 10.7)
0
0
299
(20.0, -0.2, -7.5)
(0.0, 0.0, 0.0)
0
(-12.4, 1.1, 6.5)
(333.6, 82.2, 0.0)
3
(17.7, 1.7, 5.9)
(288.2, 8.5, 0.0)
0
(-12.6, 1.1, -4.9)
(336.2, 63.2, 0.0)
3
(18.4, 16.3, 10.8)
0
0
299
(20.0, -0.2, -7.5)
(0.0, 0.0, 0.0)
0
(-12.3, 1.1, 6.5)
(333.8, 82.1, 0.0)
3
(17.7, 1.7, 5.9)
(288.5, 7.9, 0.0)
0
(-12.5, 1.1, -4.9)
(336.4, 63.1, 0.0)
3
(18.3, 16.2, 10.8)
0
0
299
(20.0, -0.2, -7.5)
(0.0, 0.0, 0.0)
0
(-12.2, 1.1, 6.5)
(334.0, 82.0, 0.0)
3
(17.7, 1.7, 6.0)
(288.8, 7.4, 0.0)
0
(-12.4, 1.1, -4.9)
(336.5, 63.0, 0.0)
3
(18.3, 16.0, 10.9)
0
0
299
(20.0, -0.2, -7.5)
(0.0, 0.0, 0.0)
0
(-12.1, 1.0, 6.5)
(334.1, 81.8, 0.0)
3
(17.7, 1.6, 6.0)
(289.1, 6.9, 0.0)
0
(-12.3, 1.1, -4.8)
(336.7, 62.9, 0.0)
3
(18.2, 15.6, 11.0)
0
0
299
(20.0, -0.2, -7.5)
(0.0, 0.0, 0.0)
0
(-12.0, 1.0, 6.5)
(334.5, 81.6, 0.0)
3
(17.7, 1.6, 6.1)
(289.6, 5.9, 0.0)
0
(-12.2, 1.1, -4.8)
(337.1, 62.6, 0.0)
3
(18.2, 15.4, 11.1)
0
0
299
(20.0, -0.2, -7.5)
(0.0, 0.0, 0.0)
0
(-11.9, 1.0, 6.6)
(334.7, 81.5, 0.0)
3
(17.7, 1.6, 6.1)
(289.9, 5.4, 0.0)
0
(-12.1, 1.1, -4.7)
(337.3, 62.5, 0.0)
3
(18.1, 15.2, 11.1)
0
0
299
(20.0, -0.2, -7.5)
(0.0, 0.0, 0.0)
0
(-11.8, 0.9, 6.6)
(334.8, 81.4, 0.0)
3
(17.7, 1.6, 6.1)
(290.3, 4.9, 0.0)
0
(-12.1, 1.1, -4.7)
(337.5, 62.4, 0.0)
3
(18.1, 15.0, 11.2)
0
0
299
(20.0, -0.2, -7.5)
(0.0, 0.0, 0.0)
0
(-11.7, 0.9, 6.6)
(335.0, 81.3, 0.0)
3
(17.7, 1.6, 6.2)
(290.6, 4.4, 0.0)
0
(-12.0, 1.1, -4.6)
(337.7, 62.3, 0.0)
3
(18.1, 14.8, 11.2)
0
0
299
(20.0, -0.2, -7.5)
(0.0, 0.0, 0.0)
0
(-11.6, 1.0, 6.6)
(335.2, 81.1, 0.0)
3
(17.7, 1.5, 6.2)
(290.9, 3.9, 0.0)
0
(-11.9, 1.0, -4.6)
(337.9, 62.2, 0.0)
3
(18.0, 14.6, 11.3)
0
0
299
(20.0, -0.2, -7.5)
(0.0, 0.0, 0.0)
0
(-11.5, 1.0, 6.6)
(335.5, 81.0, 0.0)
3
(17.7, 1.6, 6.2)
(291.2, 3.5, 0.0)
0
(-11.8, 1.1, -4.6)
(338.1, 62.1, 0.0)
3
(18.0, 14.6, 11.3)
0
0
299
(20.0, -0.2, -7.5)
(0.0, 0.0, 0.0)
0
(-11.5, 1.0, 6.6)
(335.5, 81.0, 0.0)
3
(17.7, 1.6, 6.3)
(291.2, 3.5, 0.0)
0
(-11.8, 1.0, -4.5)
(338.1, 62.1, 0.0)
3
(18.0, 14.4, 11.3)
0
0
299
(20.0, -0.2, -7.5)
(0.0, 0.0, 0.0)
0
(-11.4, 1.1, 6.6)
(335.8, 80.9, 0.0)
3
(17.7, 1.5, 6.3)
(291.5, 3.0, 0.0)
0
(-11.7, 1.0, -4.5)
(338.3, 61.9, 0.0)
3
(17.9, 14.2, 11.4)
0
0
299
(20.0, -0.2, -7.5)
(0.0, 0.0, 0.0)
0
(-11.3, 1.1, 6.7)
(336.1, 80.8, 0.0)
3
(17.7, 1.5, 6.3)
(291.9, 2.5, 0.0)
0
(-11.6, 1.0, -4.4)
(338.5, 61.8, 0.0)
3
(17.9, 14.0, 11.4)
0
0
299
(20.0, -0.2, -7.5)
(0.0, 0.0, 0.0)
0
(-11.2, 1.1, 6.7)
(336.4, 80.7, 0.0)
3
(17.7, 1.4, 6.4)
(292.2, 2.1, 0.0)
0
(-11.5, 0.9, -4.4)
(338.7, 61.7, 0.0)
3
(17.9, 13.8, 11.5)
0
0
299
(20.0, -0.2, -7.5)
(0.0, 0.0, 0.0)
0
(-11.1, 1.1, 6.7)
(336.7, 80.5, 0.0)
3
(17.7, 1.4, 6.4)
(292.6, 1.6, 0.0)
0
(-11.4, 1.0, -4.3)
(338.9, 61.6, 0.0)
3
(17.8, 13.6, 11.6)
0
0
299
(20.0, -0.2, -7.5)
(0.0, 0.0, 0.0)
0
(-11.0, 1.1, 6.7)
(337.0, 80.4, 0.0)
3
(17.7, 1.3, 6.4)
(292.9, 1.2, 0.0)
0
(-11.4, 1.0, -4.3)
(339.3, 61.5, 0.0)
3
(17.8, 13.3, 11.6)
0
0
299
(20.0, -0.2, -7.5)
(0.0, 0.0, 0.0)
0
(-10.9, 1.1, 6.7)
(337.3, 80.3, 0.0)
3
(17.7, 1.1, 6.5)
(293.3, 0.8, 0.0)
0
(-11.3, 1.0, -4.3)
(339.6, 61.4, 0.0)
3
(17.7, 12.9, 11.7)
0
0
298
(20.0, -0.2, -7.5)
(0.0, 0.0, 0.0)
0
(-10.8, 1.1, 6.7)
(338.0, 80.1, 0.0)
3
(17.7, 1.1, 6.5)
(294.0, 359.9, 0.0)
0
(-11.2, 1.0, -4.2)
(340.3, 61.1, 0.0)
3
(17.7, 12.6, 11.8)
0
0
298
(20.0, -0.2, -7.5)
(0.0, 0.0, 0.0)
0
(-10.7, 1.1, 6.8)
(338.3, 79.9, 0.0)
3
(17.7, 1.0, 6.6)
(294.4, 359.5, 0.0)
0
(-11.1, 1.1, -4.1)
(340.6, 61.0, 0.0)
3
(17.6, 12.4, 11.8)
0
0
298
(20.0, -0.2, -7.5)
(0.0, 0.0, 0.0)
0
(-10.6, 1.2, 6.8)
(338.6, 79.8, 0.0)
3
(17.7, 1.1, 6.6)
(294.8, 359.1, 0.0)
0
(-11.0, 1.1, -4.1)
(340.9, 60.9, 0.0)
3
(17.6, 12.4, 11.8)
0
0
298
(20.0, -0.2, -7.5)
(0.0, 0.0, 0.0)
0
(-10.6, 1.2, 6.8)
(338.6, 79.8, 0.0)
3
(17.7, 1.0, 6.7)
(294.8, 359.1, 0.0)
0
(-10.9, 1.1, -4.1)
(340.9, 60.9, 0.0)
3
(17.6, 12.2, 11.9)
0
0
298
(20.0, -0.2, -7.5)
(0.0, 0.0, 0.0)
0
(-10.5, 1.1, 6.8)
(339.0, 79.7, 0.0)
3
(17.7, 0.7, 6.7)
(295.2, 358.7, 0.0)
0
(-10.9, 1.0, -4.0)
(341.3, 60.8, 0.0)
3
(17.5, 11.7, 12.0)
0
0
298
(20.0, -0.2, -7.5)
(0.0, 0.0, 0.0)
0
(-10.4, 1.1, 6.8)
(339.6, 79.4, 0.0)
3
(17.7, 0.7, 6.8)
(296.0, 357.9, 0.0)
0
(-10.8, 1.1, -4.0)
(342.0, 60.5, 0.0)
3
(17.5, 11.4, 12.1)
0
0
298
(20.0, -0.2, -7.5)
(0.0, 0.0, 0.0)
0
(-10.2, 1.1, 6.8)
(340.0, 79.3, 0.0)
3
(17.7, 0.6, 6.8)
(296.4, 357.5, 0.0)
0
(-10.6, 1.1, -3.9)
(342.3, 60.4, 0.0)
3
(17.4, 11.1, 12.1)
0
0
298
(20.0, -0.2, -7.5)
(0.0, 0.0, 0.0)
0
(-10.1, 1.0, 6.9)
(340.3, 79.2, 0.0)
3
(17.7, 0.7, 6.9)
(296.9, 357.2, 0.0)
0
(-10.6, 1.0, -3.9)
(342.7, 60.3, 0.0)
3
(17.4, 10.9, 12.2)
0
0
298
(20.0, -0.2, -7.5)
(0.0, 0.0, 0.0)
0
(-10.1, 1.1, 6.9)
(340.7, 79.1, 0.0)
3
(17.7, 0.8, 6.9)
(297.7, 356.8, 0.0)
0
(-10.5, 1.1, -3.8)
(343.0, 60.2, 0.0)
3
(17.4, 10.9, 12.2)
0
0
298
(20.0, -0.2, -7.5)
(0.0, 0.0, 0.0)
0
(-10.0, 1.0, 6.9)
(340.7, 79.1, 0.0)
3
(17.7, 0.9, 6.9)
(297.7, 356.8, 0.0)
0
(-10.4, 1.0, -3.8)
(343.0, 60.2, 0.0)
3
(17.4, 10.6, 12.2)
0
0
298
(20.0, -0.2, -7.5)
(0.0, 0.0, 0.0)
0
(-9.9, 1.0, 6.9)
(341.0, 78.9, 0.0)
3
(17.7, 0.9, 7.0)
(298.6, 356.4, 0.0)
0
(-10.4, 1.0, -3.7)
(343.4, 60.1, 0.0)
3
(17.3, 10.3, 12.3)
0
0
298
(20.0, -0.2, -7.5)
(0.0, 0.0, 0.0)
0
(-9.8, 0.9, 6.9)
(341.4, 78.8, 0.0)
3
(17.7, 1.0, 7.0)
(299.6, 356.0, 0.0)
0
(-10.3, 1.0, -3.7)
(343.8, 59.9, 0.0)
3
(17.3, 10.1, 12.4)
0
0
298
(20.0, -0.2, -7.5)
(0.0, 0.0, 0.0)
0
(-9.8, 1.0, 6.9)
(341.8, 78.7, 0.0)
3
(17.7, 1.0, 7.1)
(300.6, 355.7, 0.0)
0
(-10.2, 0.9, -3.7)
(344.1, 59.8, 0.0)
3
(17.3, 9.8, 12.4)
0
0
298
(20.0, -0.2, -7.5)
(0.0, 0.0, 0.0)
0
(-9.7, 1.0, 6.9)
(342.3, 78.5, 0.0)
3
(17.7, 1.1, 7.1)
(301.6, 355.3, 0.0)
0
(-10.2, 1.0, -3.6)
(344.5, 59.7, 0.0)
3
(17.2, 9.5, 12.5)
0
0
298
(20.0, -0.2, -7.5)
(0.0, 0.0, 0.0)
0
(-9.6, 1.0, 7.0)
(342.8, 78.4, 0.0)
3
(17.7, 1.2, 7.1)
(302.7, 355.0, 0.0)
0
(-10.1, 1.0, -3.6)
(345.0, 59.6, 0.0)
3
(17.2, 9.5, 12.5)
0
0
298
(20.0, -0.2, -7.5)
(0.0, 0.0, 0.0)
0
(-9.5, 1.0, 7.0)
(342.8, 78.4, 0.0)
3
(17.7, 1.2, 7.2)
(302.7, 355.0, 0.0)
0
(-10.0, 1.0, -3.5)
(345.0, 59.6, 0.0)
3
(17.2, 9.2, 12.5)
0
0
298
(20.0, -0.2, -7.5)
(0.0, 0.0, 0.0)
0
(-9.5, 1.0, 7.0)
(343.3, 78.3, 0.0)
3
(17.7, 1.3, 7.2)
(303.9, 354.6, 0.0)
0
(-10.0, 1.0, -3.5)
(345.5, 59.4, 0.0)
3
(17.1, 8.9, 12.6)
0
0
298
(20.0, -0.2, -7.5)
(0.0, 0.0, 0.0)
0
(-9.4, 1.1, 7.0)
(343.9, 78.1, 0.0)
3
(17.7, 1.3, 7.3)
(305.1, 354.3, 0.0)
0
(-9.9, 1.0, -3.5)
(346.0, 59.3, 0.0)
3
(17.1, 8.6, 12.6)
0
0
298
(20.0, -0.2, -7.5)
(0.0, 0.0, 0.0)
0
(-9.3, 1.1, 7.0)
(344.4, 78.0, 0.0)
3
(17.7, 1.3, 7.3)
(306.3, 353.9, 0.0)
0
(-9.8, 1.0, -3.4)
(346.5, 59.2, 0.0)
3
(17.1, 8.3, 12.7)
0
0
298
(20.0, -0.2, -7.5)
(0.0, 0.0, 0.0)
0
(-9.2, 1.1, 7.0)
(344.9, 77.9, 0.0)
3
(17.7, 1.3, 7.4)
(307.7, 353.6, 0.0)
0
(-9.7, 1.0, -3.4)
(346.9, 59.1, 0.0)
3
(17.0, 8.0, 12.7)
0
0
298
(20.0, -0.2, -7.5)
(0.0, 0.0, 0.0)
0
(-9.1, 1.1, 7.1)
(345.5, 77.7, 0.0)
3
(17.7, 1.4, 7.4)
(309.1, 353.3, 0.0)
0
(-9.7, 1.1, -3.3)
(347.4, 59.0, 0.0)
3
(17.0, 8.0, 12.7)
0
0
298
(20.0, -0.2, -7.5)
(0.0, 0.0, 0.0)
0
(-9.1, 1.0, 7.1)
(345.5, 77.7, 0.0)
3
(17.7, 1.4, 7.5)
(309.1, 353.3, 0.0)
3
(-9.6, 1.0, -3.3)
(347.4, 59.0, 0.0)
3
(16.9, 8.3, 13.6)
0
0
298
(20.0, -0.2, -7.5)
(0.0, 0.0, 0.0)
0
(-8.9, 1.0, 7.1)
(344.8, 75.9, 0.0)
3
(17.6, 1.4, 7.6)
(311.7, 352.7, 0.0)
3
(-9.5, 1.0, -3.2)
(346.9, 57.4, 0.0)
3
(16.7, 8.6, 14.5)
0
0
298
(20.0, -0.2, -7.5)
(0.0, 0.0, 0.0)
0
(-8.7, 1.0, 7.2)
(344.1, 74.0, 0.0)
3
(17.6, 1.4, 7.7)
(314.0, 352.2, 0.0)
3
(-9.3, 1.0, -3.1)
(346.4, 56.0, 0.0)
3
(16.5, 8.9, 15.3)
0
0
298
(20.0, -0.2, -7.5)
(0.0, 0.0, 0.0)
0
(-8.5, 1.0, 7.2)
(343.4, 72.1, 0.0)
3
(17.6, 1.4, 7.9)
(315.9, 351.9, 0.0)
3
(-9.1, 1.0, -3.0)
(346.0, 54.5, 0.0)
3
(16.4, 9.2, 16.2)
0
0
298
(20.0, -0.2, -7.5)
(0.0, 0.0, 0.0)
0
(-8.4, 1.0, 7.3)
(342.8, 70.2, 0.0)
3
(17.6, 1.4, 8.0)
(317.5, 351.6, 0.0)
3
(-9.0, 1.0, -2.9)
(345.6, 53.1, 0.0)
3
(16.2, 9.4, 17.1)
0
0
298
(20.0, -0.2, -7.5)
(0.0, 0.0, 0.0)
0
(-8.2, 1.1, 7.4)
(342.4, 68.3, 0.0)
3
(17.6, 1.4, 8.1)
(318.9, 351.4, 0.0)
3
(-8.9, 1.1, -2.8)
(345.4, 51.7, 0.0)
3
(16.1, 9.5, 17.5)
0
0
298
(20.0, -0.2, -7.5)
(0.0, 0.0, 0.0)
0
(-8.1, 1.1, 7.4)
(342.2, 67.4, 0.0)
3
(17.6, 1.4, 8.2)
(319.5, 351.3, 0.0)
3
(-8.8, 1.1, -2.7)
(345.2, 51.0, 0.0)
3
(16.0, 9.6, 17.9)
0
0
298
(20.0, -0.2, -7.5)
(0.0, 0.0, 0.0)
0
(-8.0, 1.1, 7.4)
(342.0, 66.4, 0.0)
3
(17.5, 1.4, 8.3)
(320.1, 351.2, 0.0)
3
(-8.7, 1.1, -2.6)
(345.1, 50.3, 0.0)
3
(16.0, 9.7, 18.4)
0
0
298
(20.0, -0.2, -7.5)
(0.0, 0.0, 0.0)
0
(-7.9, 1.1, 7.5)
(341.8, 65.5, 0.0)
3
(17.5, 1.4, 8.4)
(320.7, 351.1, 0.0)
3
(-8.6, 1.1, -2.5)
(345.0, 49.6, 0.0)
3
(15.9, 9.9, 18.8)
0
0
298
(20.0, -0.2, -7.5)
(0.0, 0.0, 0.0)
0
(-7.8, 1.1, 7.5)
(341.6, 64.6, 0.0)
3
(17.5, 1.3, 8.5)
(321.2, 351.0, 0.0)
3
(-8.5, 1.1, -2.5)
(344.9, 48.9, 0.0)
3
(15.8, 10.0, 19.2)
0
0
298
(20.0, -0.2, -7.5)
(0.0, 0.0, 0.0)
0
(-7.8, 1.1, 7.6)
(341.5, 63.6, 0.0)
3
(17.5, 1.3, 8.5)
(321.7, 351.0, 0.0)
3
(-8.5, 1.1, -2.4)
(344.8, 48.3, 0.0)
3
(15.7, 10.1, 19.7)
0
0
298
(20.0, -0.2, -7.5)
(0.0, 0.0, 0.0)
0
(-7.7, 1.1, 7.6)
(341.3, 62.7, 0.0)
3
(17.5, 1.2, 8.6)
(322.1, 350.9, 0.0)
3
(-8.4, 1.1, -2.4)
(344.7, 47.6, 0.0)
3
(15.6, 10.1, 20.1)
0
0
298
(20.0, -0.2, -7.5)
(0.0, 0.0, 0.0)
0
(-7.6, 1.1, 7.6)
(341.1, 61.8, 0.0)
3
(17.5, 1.3, 8.7)
(322.6, 350.8, 0.0)
3
(-8.4, 1.1, -2.3)
(344.6, 46.9, 0.0)
3
(15.6, 10.1, 20.1)
0
0
298
(20.0, -0.2, -7.5)
(0.0, 0.0, 0.0)
0
(-7.6, 1.1, 7.7)
(341.1, 61.8, 0.0)
3
(17.5, 1.2, 8.7)
(322.6, 350.8, 0.0)
3
(-8.3, 1.1, -2.3)
(344.6, 46.9, 0.0)
3
(15.6, 10.2, 20.5)
0
0
298
(20.0, -0.2, -7.5)
(0.0, 0.0, 0.0)
0
(-7.5, 1.1, 7.7)
(341.0, 60.9, 0.0)
3
(17.5, 1.2, 8.8)
(323.0, 350.8, 0.0)
3
(-8.3, 1.0, -2.2)
(344.4, 46.3, 0.0)
3
(15.5, 10.3, 21.0)
0
0
298
(20.0, -0.2, -7.5)
(0.0, 0.0, 0.0)
0
(-7.4, 1.1, 7.7)
(340.8, 60.0, 0.0)
3
(17.4, 1.1, 8.9)
(323.4, 350.7, 0.0)
3
(-8.2, 1.0, -2.2)
(344.3, 45.7, 0.0)
3
(15.4, 10.4, 21.4)
0
0
298
(20.0, -0.2, -7.5)
(0.0, 0.0, 0.0)
0
(-7.3, 1.1, 7.8)
(340.6, 59.1, 0.0)
3
(17.4, 1.0, 8.9)
(323.8, 350.7, 0.0)
3
(-8.1, 1.0, -2.1)
(344.3, 45.0, 0.0)
3
(15.3, 10.5, 21.8)
0
0
298
(20.0, -0.2, -7.5)
(0.0, 0.0, 0.0)
0
(-7.3, 1.0, 7.8)
(340.5, 58.2, 0.0)
3
(17.4, 1.0, 9.0)
(324.1, 350.6, 0.0)
3
(-8.1, 0.9, -2.1)
(344.2, 44.4, 0.0)
3
(15.2, 10.6, 22.3)
0
0
298
(20.0, -0.2, -7.5)
(0.0, 0.0, 0.0)
0
(-7.2, 1.1, 7.9)
(340.4, 57.3, 0.0)
3
(17.4, 1.0, 9.1)
(324.4, 350.6, 0.0)
3
(-8.0, 1.0, -2.0)
(344.1, 43.8, 0.0)
3
(15.2, 10.6, 22.3)
0
0
298
(20.0, -0.2, -7.5)
(0.0, 0.0, 0.0)
0
(-7.1, 1.0, 7.9)
(340.4, 57.3, 0.0)
3
(17.4, 0.9, 9.1)
(324.4, 350.6, 0.0)
3
(-8.0, 1.0, -1.9)
(344.1, 43.8, 0.0)
3
(15.1, 10.6, 22.7)
0
0
298
(20.0, -0.2, -7.5)
(0.0, 0.0, 0.0)
0
(-7.1, 1.0, 8.0)
(340.2, 56.5, 0.0)
3
(17.4, 0.8, 9.2)
(324.7, 350.5, 0.0)
3
(-7.9, 1.0, -1.9)
(344.0, 43.2, 0.0)
3
(15.1, 10.7, 23.1)
0
0
298
(20.0, -0.2, -7.5)
(0.0, 0.0, 0.0)
0
(-7.0, 1.0, 8.0)
(340.1, 55.6, 0.0)
3
(17.4, 0.9, 9.3)
(325.0, 350.5, 0.0)
3
(-7.8, 1.0, -1.8)
(344.0, 42.6, 0.0)
3
(15.0, 10.8, 23.5)
0
0
298
(20.0, -0.2, -7.5)
(0.0, 0.0, 0.0)
0
(-6.9, 0.9, 8.1)
(340.0, 54.7, 0.0)
3
(17.4, 1.0, 9.4)
(325.7, 350.4, 0.0)
3
(-7.8, 1.0, -1.7)
(344.0, 42.0, 0.0)
3
(14.9, 10.8, 24.0)
0
0
298
(20.0, -0.2, -7.5)
(0.0, 0.0, 0.0)
0
(-6.8, 1.0, 8.1)
(339.9, 53.9, 0.0)
3
(17.3, 1.0, 9.5)
(326.4, 350.4, 0.0)
3
(-7.7, 1.0, -1.7)
(344.0, 41.4, 0.0)
3
(14.8, 10.9, 24.4)
0
0
298
(20.0, -0.2, -7.5)
(0.0, 0.0, 0.0)
0
(-6.8, 1.0, 8.2)
(339.9, 53.0, 0.0)
3
(17.3, 1.0, 9.5)
(327.0, 350.4, 0.0)
3
(-7.7, 1.0, -1.6)
(344.0, 40.8, 0.0)
3
(14.7, 10.9, 24.8)
0
0
298
(20.0, -0.2, -7.5)
(0.0, 0.0, 0.0)
0
(-6.7, 1.0, 8.2)
(339.9, 52.2, 0.0)
3
(17.3, 1.1, 9.6)
(327.5, 350.3, 0.0)
3
(-7.6, 1.0, -1.5)
(344.0, 40.3, 0.0)
3
(14.6, 11.0, 25.3)
0
0
298
(20.0, -0.2, -7.5)
(0.0, 0.0, 0.0)
0
(-6.6, 1.0, 8.3)
(340.0, 51.4, 0.0)
3
(17.3, 1.1, 9.7)
(328.1, 350.3, 0.0)
3
(-7.5, 1.0, -1.4)
(344.0, 39.7, 0.0)
3
(14.6, 11.0, 25.7)
0
0
298
(20.0, -0.2, -7.5)
(0.0, 0.0, 0.0)
0
(-6.6, 1.1, 8.3)
(340.0, 50.6, 0.0)
3
(17.3, 1.1, 9.8)
(328.6, 350.3, 0.0)
3
(-7.5, 1.0, -1.4)
(344.0, 39.1, 0.0)
3
(14.5, 11.1, 26.1)
0
0
297
(20.0, -0.2, -7.5)
(0.0, 0.0, 0.0)
0
(-6.5, 1.1, 8.4)
(340.0, 49.8, 0.0)
3
(17.3, 1.2, 9.9)
(329.2, 350.3, 0.0)
3
(-7.4, 1.0, -1.3)
(344.0, 38.6, 0.0)
3
(14.4, 11.1, 26.6)
0
0
297
(20.0, -0.2, -7.5)
(0.0, 0.0, 0.0)
0
(-6.4, 1.1, 8.5)
(340.1, 49.0, 0.0)
3
(17.3, 1.2, 10.0)
(329.7, 350.2, 0.0)
3
(-7.3, 1.0, -1.2)
(344.0, 38.1, 0.0)
3
(14.3, 11.1, 27.0)
0
0
297
(20.0, -0.2, -7.5)
(0.0, 0.0, 0.0)
0
(-6.3, 1.1, 8.5)
(340.1, 48.2, 0.0)
3
(17.2, 1.2, 10.0)
(330.1, 350.2, 0.0)
3
(-7.3, 1.0, -1.1)
(344.1, 37.5, 0.0)
3
(14.2, 11.2, 27.9)
0
0
297
(20.0, -0.2, -7.5)
(0.0, 0.0, 0.0)
0
(-6.2, 1.1, 8.6)
(340.2, 46.7, 0.0)
3
(17.2, 1.2, 10.2)
(331.0, 350.2, 0.0)
3
(-7.2, 1.0, -1.0)
(344.2, 36.5, 0.0)
3
(14.1, 11.2, 28.3)
0
0
297
(20.0, -0.2, -7.5)
(0.0, 0.0, 0.0)
0
(-6.2, 1.1, 8.7)
(340.3, 45.9, 0.0)
3
(17.2, 1.2, 10.3)
(331.5, 350.1, 0.0)
3
(-7.1, 1.0, -0.9)
(344.3, 36.0, 0.0)
3
(14.0, 11.2, 28.7)
0
0
297
(20.0, -0.2, -7.5)
(0.0, 0.0, 0.0)
0
(-6.1, 1.1, 8.8)
(340.4, 45.2, 0.0)
3
(17.2, 1.2, 10.3)
(331.9, 350.1, 0.0)
3
(-7.1, 1.0, -0.9)
(344.3, 35.5, 0.0)
3
(14.0, 11.2, 28.5)
0
0
297
(20.0, -0.2, -7.5)
(0.0, 0.0, 0.0)
0
(-6.0, 1.0, 8.8)
(340.2, 45.5, 0.0)
3
(17.2, 1.2, 10.4)
(331.5, 350.0, 0.0)
3
(-7.0, 1.0, -0.8)
(344.2, 35.7, 0.0)
3
(14.0, 11.2, 28.3)
0
0
297
(20.0, -0.2, -7.5)
(0.0, 0.0, 0.0)
0
(-6.0, 1.0, 8.9)
(340.0, 45.8, 0.0)
3
(17.2, 1.2, 10.5)
(331.1, 349.9, 0.0)
3
(-7.0, 1.0, -0.7)
(344.1, 35.9, 0.0)
3
(14.0, 11.2, 28.1)
0
0
297
(20.0, -0.2, -7.5)
(0.0, 0.0, 0.0)
0
(-5.9, 1.0, 9.0)
(339.8, 46.1, 0.0)
3
(17.2, 1.2, 10.6)
(330.7, 349.7, 0.0)
3
(-6.9, 1.0, -0.6)
(344.0, 36.1, 0.0)
3
(14.0, 11.2, 27.9)
0
0
297
(20.0, -0.2, -7.5)
(0.0, 0.0, 0.0)
0
(-5.8, 1.0, 9.0)
(339.6, 46.4, 0.0)
3
(17.1, 1.1, 10.7)
(330.3, 349.6, 0.0)
3
(-6.9, 1.0, -0.6)
(343.9, 36.3, 0.0)
3
(14.0, 11.2, 27.7)
0
0
297
(20.0, -0.2, -7.5)
(0.0, 0.0, 0.0)
0
(-5.8, 1.0, 9.1)
(339.5, 46.8, 0.0)
3
(17.1, 1.2, 10.7)
(329.8, 349.5, 0.0)
3
(-6.8, 1.0, -0.5)
(343.8, 36.5, 0.0)
3
(14.0, 11.2, 27.7)
0
0
297
(20.0, -0.2, -7.5)
(0.0, 0.0, 0.0)
0
(-5.7, 1.0, 9.1)
(339.5, 46.8, 0.0)
3
(17.1, 1.2, 10.8)
(329.8, 349.5, 0.0)
3
(-6.8, 1.0, -0.4)
(343.8, 36.5, 0.0)
3
(14.0, 11.2, 27.4)
0
0
297
(20.0, -0.2, -7.5)
(0.0, 0.0, 0.0)
0
(-5.7, 0.9, 9.2)
(339.3, 47.1, 0.0)
3
(17.1, 1.1, 10.9)
(329.4, 349.4, 0.0)
3
(-6.7, 1.0, -0.4)
(343.7, 36.7, 0.0)
3
(14.0, 11.1, 27.2)
0
0
297
(20.0, -0.2, -7.5)
(0.0, 0.0, 0.0)
0
(-5.6, 1.0, 9.2)
(339.1, 47.4, 0.0)
3
(17.1, 1.1, 11.0)
(328.9, 349.2, 0.0)
3
(-6.7, 1.0, -0.3)
(343.7, 36.9, 0.0)
3
(14.0, 11.1, 27.0)
0
0
297
(20.0, -0.2, -7.5)
(0.0, 0.0, 0.0)
0
(-5.6, 1.0, 9.3)
(339.0, 47.8, 0.0)
3
(17.1, 1.0, 11.0)
(328.5, 349.1, 0.0)
3
(-6.6, 1.0, -0.2)
(343.6, 37.1, 0.0)
3
(14.0, 11.1, 26.8)
0
0
297
(20.0, -0.2, -7.5)
(0.0, 0.0, 0.0)
0
(-5.5, 1.0, 9.3)
(339.0, 48.1, 0.0)
3
(17.1, 1.0, 11.1)
(328.0, 348.9, 0.0)
3
(-6.6, 1.0, -0.2)
(343.5, 37.3, 0.0)
3
(14.0, 11.0, 26.6)
0
0
297
(20.0, -0.2, -7.5)
(0.0, 0.0, 0.0)
0
(-5.4, 1.0, 9.4)
(338.9, 48.5, 0.0)
3
(17.0, 1.0, 11.2)
(327.5, 348.8, 0.0)
3
(-6.5, 1.0, -0.1)
(343.5, 37.6, 0.0)
3
(14.0, 11.0, 26.6)
0
0
297
(20.0, -0.2, -7.5)
(0.0, 0.0, 0.0)
0
(-5.4, 1.1, 9.4)
(338.9, 48.5, 0.0)
3
(17.0, 1.0, 11.2)
(327.5, 348.8, 0.0)
3
(-6.5, 1.0, -0.1)
(343.5, 37.6, 0.0)
3
(14.0, 11.0, 26.4)
0
0
297
(20.0, -0.2, -7.5)
(0.0, 0.0, 0.0)
0
(-5.3, 1.1, 9.5)
(338.8, 48.9, 0.0)
3
(17.0, 1.0, 11.3)
(327.1, 348.6, 0.0)
3
(-6.4, 1.0, 0.0)
(343.4, 37.8, 0.0)
3
(14.0, 11.0, 26.1)
0
0
297
(20.0, -0.2, -7.5)
(0.0, 0.0, 0.0)
0
(-5.3, 1.1, 9.5)
(338.8, 49.2, 0.0)
3
(17.0, 0.9, 11.4)
(326.6, 348.5, 0.0)
3
(-6.4, 1.0, 0.1)
(343.3, 38.0, 0.0)
3
(14.0, 10.9, 25.9)
0
0
297
(20.0, -0.2, -7.5)
(0.0, 0.0, 0.0)
0
(-5.2, 1.1, 9.6)
(338.7, 49.6, 0.0)
3
(17.0, 0.8, 11.4)
(326.0, 348.3, 0.0)
3
(-6.3, 1.0, 0.1)
(343.2, 38.2, 0.0)
3
(14.0, 10.9, 25.7)
0
0
297
(20.0, -0.2, -7.5)
(0.0, 0.0, 0.0)
0
(-5.1, 1.1, 9.6)
(338.7, 50.0, 0.0)
3
(17.0, 0.9, 11.5)
(325.5, 348.1, 0.0)
3
(-6.3, 1.0, 0.2)
(343.2, 38.5, 0.0)
3
(14.0, 10.8, 25.5)
0
0
297
(20.0, -0.2, -7.5)
(0.0, 0.0, 0.0)
0
(-5.1, 1.1, 9.7)
(338.6, 50.4, 0.0)
3
(17.0, 1.0, 11.6)
(325.3, 347.9, 0.0)
3
(-6.2, 1.0, 0.3)
(343.1, 38.7, 0.0)
3
(14.0, 10.8, 25.5)
0
0
297
(20.0, -0.2, -7.5)
(0.0, 0.0, 0.0)
0
(-5.0, 1.1, 9.7)
(338.6, 50.4, 0.0)
3
(16.9, 1.0, 11.6)
(325.3, 347.9, 0.0)
3
(-6.2, 0.9, 0.3)
(343.1, 38.7, 0.0)
3
(14.0, 10.7, 25.3)
0
0
297
(20.0, -0.2, -7.5)
(0.0, 0.0, 0.0)
0
(-5.0, 1.1, 9.8)
(338.5, 50.7, 0.0)
3
(16.9, 1.0, 11.7)
(325.1, 347.8, 0.0)
3
(-6.1, 1.0, 0.4)
(343.0, 39.0, 0.0)
3
(14.0, 10.7, 25.1)
0
0
297
(20.0, -0.2, -7.5)
(0.0, 0.0, 0.0)
0
(-4.9, 1.1, 9.8)
(338.5, 51.1, 0.0)
3
(16.9, 1.1, 11.8)
(324.8, 347.6, 0.0)
3
(-6.1, 1.0, 0.4)
(343.0, 39.2, 0.0)
3
(14.0, 10.6, 24.8)
0
0
297
(20.0, -0.2, -7.5)
(0.0, 0.0, 0.0)
0
(-4.8, 1.1, 9.9)
(338.4, 51.5, 0.0)
3
(16.9, 1.1, 11.8)
(324.5, 347.4, 0.0)
3
(-6.0, 1.0, 0.5)
(343.1, 39.5, 0.0)
3
(14.0, 10.5, 24.6)
0
0
297
(20.0, -0.2, -7.5)
(0.0, 0.0, 0.0)
0
(-4.8, 1.0, 9.9)
(338.3, 51.9, 0.0)
3
(16.9, 1.1, 11.9)
(324.3, 347.2, 0.0)
3
(-6.0, 1.0, 0.6)
(343.1, 39.7, 0.0)
3
(14.0, 10.5, 24.4)
0
0
297
(20.0, -0.2, -7.5)
(0.0, 0.0, 0.0)
0
(-4.7, 1.0, 10.0)
(338.3, 52.3, 0.0)
3
(16.9, 1.2, 12.0)
(324.0, 346.9, 0.0)
3
(-5.9, 1.0, 0.7)
(343.1, 40.0, 0.0)
3
(14.0, 10.4, 24.2)
0
0
297
(20.0, -0.2, -7.5)
(0.0, 0.0, 0.0)
0
(-4.6, 1.0, 10.0)
(338.2, 52.8, 0.0)
3
(16.8, 1.2, 12.1)
(323.7, 346.7, 0.0)
3
(-5.9, 1.0, 0.7)
(343.1, 40.2, 0.0)
3
(14.0, 10.3, 24.0)
0
0
297
(20.0, -0.2, -7.5)
(0.0, 0.0, 0.0)
0
(-4.6, 1.0, 10.1)
(338.2, 53.2, 0.0)
3
(16.8, 1.3, 12.1)
(323.4, 346.5, 0.0)
3
(-5.8, 1.1, 0.8)
(343.1, 40.5, 0.0)
3
(14.0, 10.3, 24.0)
0
0
297
(20.0, -0.2, -7.5)
(0.0, 0.0, 0.0)
0
(-4.5, 0.9, 10.1)
(338.2, 53.2, 0.0)
3
(16.8, 1.2, 12.2)
(323.4, 346.5, 0.0)
3
(-5.8, 1.0, 0.8)
(343.1, 40.5, 0.0)
3
(14.0, 10.1, 23.5)
0
0
297
(20.0, -0.2, -7.5)
(0.0, 0.0, 0.0)
0
(-4.4, 1.0, 10.2)
(338.0, 54.1, 0.0)
3
(16.8, 1.3, 12.3)
(322.8, 346.0, 0.0)
3
(-5.7, 1.1, 0.9)
(343.2, 41.0, 0.0)
3
(14.0, 10.0, 23.3)
0
0
297
(20.0, -0.2, -7.5)
(0.0, 0.0, 0.0)
0
(-4.3, 1.0, 10.3)
(338.1, 54.5, 0.0)
3
(16.8, 1.3, 12.4)
(322.4, 345.7, 0.0)
3
(-5.6, 1.1, 1.0)
(343.2, 41.3, 0.0)
3
(14.0, 10.0, 23.3)
0
0
297
(20.0, -0.2, -7.5)
(0.0, 0.0, 0.0)
0
(-4.3, 1.0, 10.3)
(338.1, 54.5, 0.0)
3
(16.8, 1.3, 12.4)
(322.4, 345.7, 0.0)
3
(-5.6, 1.1, 1.1)
(343.2, 41.3, 0.0)
3
(14.0, 9.9, 23.1)
0
0
297
(20.0, -0.2, -7.5)
(0.0, 0.0, 0.0)
0
(-4.2, 1.0, 10.4)
(338.2, 55.0, 0.0)
3
(16.7, 1.3, 12.5)
(322.1, 345.5, 0.0)
3
(-5.5, 1.1, 1.1)
(343.2, 41.6, 0.0)
3
(14.0, 9.8, 22.9)
0
0
297
(20.0, -0.2, -7.5)
(0.0, 0.0, 0.0)
0
(-4.2, 1.0, 10.4)
(338.3, 55.4, 0.0)
3
(16.7, 1.3, 12.6)
(321.7, 345.2, 0.0)
3
(-5.5, 1.0, 1.2)
(343.3, 41.8, 0.0)
3
(14.0, 9.7, 22.7)
0
0
297
(20.0, -0.2, -7.5)
(0.0, 0.0, 0.0)
0
(-4.1, 1.0, 10.4)
(338.3, 55.9, 0.0)
3
(16.7, 1.3, 12.6)
(321.4, 344.9, 0.0)
3
(-5.4, 1.0, 1.2)
(343.3, 42.1, 0.0)
3
(14.0, 9.6, 22.5)
0
0
297
(20.0, -0.2, -7.5)
(0.0, 0.0, 0.0)
0
(-4.0, 1.0, 10.5)
(338.4, 56.3, 0.0)
3
(16.7, 1.3, 12.7)
(321.0, 344.5, 0.0)
3
(-5.4, 1.0, 1.3)
(343.3, 42.4, 0.0)
3
(14.0, 9.5, 22.3)
0
0
297
(20.0, -0.2, -7.5)
(0.0, 0.0, 0.0)
0
(-4.0, 1.1, 10.5)
(338.5, 56.8, 0.0)
3
(16.7, 1.4, 12.7)
(320.6, 344.2, 0.0)
3
(-5.3, 1.0, 1.4)
(343.3, 42.7, 0.0)
3
(14.0, 9.5, 22.3)
0
0
297
(20.0, -0.2, -7.5)
(0.0, 0.0, 0.0)
0
(-3.9, 1.1, 10.6)
(338.5, 56.8, 0.0)
3
(16.7, 1.4, 12.8)
(320.6, 344.2, 0.0)
3
(-5.2, 1.0, 1.4)
(343.3, 42.7, 0.0)
3
(14.0, 9.4, 22.0)
0
0
297
(20.0, -0.2, -7.5)
(0.0, 0.0, 0.0)
0
(-3.8, 1.1, 10.6)
(338.6, 57.3, 0.0)
3
(16.6, 1.4, 12.9)
(320.2, 343.9, 0.0)
3
(-5.2, 0.9, 1.5)
(343.4, 43.0, 0.0)
3
(14.0, 9.3, 21.8)
0
0
297
(20.0, -0.2, -7.5)
(0.0, 0.0, 0.0)
0
(-3.8, 1.0, 10.6)
(338.7, 57.8, 0.0)
3
(16.6, 1.4, 12.9)
(319.8, 343.5, 0.0)
3
(-5.2, 1.0, 1.5)
(343.4, 43.3, 0.0)
3
(14.0, 9.1, 21.6)
0
0
297
(20.0, -0.2, -7.5)
(0.0, 0.0, 0.0)
0
(-3.7, 1.0, 10.7)
(338.8, 58.3, 0.0)
3
(16.6, 1.3, 13.0)
(319.3, 343.1, 0.0)
3
(-5.2, 1.0, 1.6)
(343.6, 43.7, 0.0)
3
(14.0, 9.0, 21.4)
0
0
297
(20.0, -0.2, -7.5)
(0.0, 0.0, 0.0)
0
(-3.6, 1.0, 10.7)
(338.9, 58.8, 0.0)
3
(16.6, 1.3, 13.0)
(318.9, 342.7, 0.0)
3
(-5.2, 1.0, 1.6)
(343.8, 44.0, 0.0)
3
(14.0, 8.9, 21.2)
0
0
297
(20.0, -0.2, -7.5)
(0.0, 0.0, 0.0)
0
(-3.6, 1.0, 10.8)
(339.0, 59.3, 0.0)
3
(16.6, 1.4, 13.1)
(318.4, 342.3, 0.0)
3
(-5.1, 1.0, 1.7)
(344.0, 44.4, 0.0)
3
(14.0, 8.9, 21.2)
0
0
297
(20.0, -0.2, -7.5)
(0.0, 0.0, 0.0)
0
(-3.5, 1.0, 10.8)
(339.0, 59.3, 0.0)
3
(16.5, 1.3, 13.2)
(318.4, 342.3, 0.0)
3
(-5.1, 1.1, 1.8)
(344.0, 44.4, 0.0)
3
(14.0, 8.7, 21.0)
0
0
297
(20.0, -0.2, -7.5)
(0.0, 0.0, 0.0)
0
(-3.4, 1.0, 10.8)
(339.1, 59.9, 0.0)
3
(16.5, 1.3, 13.2)
(317.9, 341.8, 0.0)
3
(-5.1, 1.1, 1.8)
(344.2, 44.9, 0.0)
3
(14.0, 8.6, 20.7)
0
0
297
(20.0, -0.2, -7.5)
(0.0, 0.0, 0.0)
0
(-3.4, 1.0, 10.9)
(339.2, 60.4, 0.0)
3
(16.5, 1.3, 13.3)
(317.4, 341.3, 0.0)
3
(-5.1, 1.2, 1.9)
(344.5, 45.3, 0.0)
3
(14.0, 8.5, 20.5)
0
0
297
(20.0, -0.2, -7.5)
(0.0, 0.0, 0.0)
0
(-3.3, 0.9, 10.9)
(339.3, 60.9, 0.0)
3
(16.5, 1.2, 13.3)
(316.8, 340.8, 0.0)
3
(-5.1, 1.2, 1.9)
(344.7, 45.7, 0.0)
3
(14.0, 8.3, 20.3)
0
0
297
(20.0, -0.2, -7.5)
(0.0, 0.0, 0.0)
0
(-3.2, 1.0, 11.0)
(339.4, 61.5, 0.0)
3
(16.5, 1.2, 13.4)
(316.3, 340.2, 0.0)
3
(-5.1, 1.3, 2.0)
(345.0, 46.1, 0.0)
3
(14.0, 8.2, 20.1)
0
0
